new image
148,212,279,303
159,218,240,265
118,178,362,386
45,95,283,300
6,39,274,291
new image
148,212,279,303
159,218,240,265
118,178,362,386
45,96,283,300
7,39,274,291
new image
148,214,279,303
159,219,241,264
119,179,361,386
45,96,283,300
7,39,274,291
new image
148,214,279,303
159,219,241,264
119,179,361,386
45,96,283,300
7,39,274,291
new image
160,222,240,263
148,216,279,303
119,181,361,387
44,97,283,300
6,39,274,291
new image
160,222,240,264
148,216,279,304
119,181,361,387
44,97,283,300
6,39,274,291
new image
160,223,241,263
148,217,278,304
120,182,362,388
44,98,283,300
6,39,274,291
new image
152,219,278,304
158,225,240,266
124,186,361,388
5,39,274,291
45,98,283,300
new image
152,219,278,304
158,225,240,266
124,186,361,388
5,39,274,291
46,98,283,300
new image
153,221,278,303
156,222,239,266
125,186,361,388
46,99,283,300
6,39,273,291
new image
155,222,278,303
154,219,239,266
123,188,361,387
45,100,283,301
6,39,274,291
new image
151,164,260,270
155,223,278,304
154,221,240,266
124,189,361,386
46,100,282,301
6,39,273,291
new image
156,225,278,304
151,222,242,265
46,100,282,301
5,39,273,291
124,190,361,382
new image
156,225,278,304
151,222,241,265
46,100,283,301
5,39,273,291
124,190,361,382
new image
158,229,278,304
145,211,243,266
125,194,360,381
45,102,282,301
5,39,272,292
new image
158,229,278,304
145,211,243,265
125,194,360,381
45,102,282,301
5,39,272,292
new image
159,231,277,305
143,205,243,265
125,195,357,379
45,102,282,301
4,40,272,292
new image
160,235,277,305
143,205,242,267
127,196,356,380
5,39,272,292
48,106,281,301
new image
159,235,277,305
127,196,356,380
143,205,242,266
47,106,281,301
5,39,272,292
new image
160,236,277,306
141,206,241,266
128,196,356,380
48,106,281,301
4,40,272,292
new image
163,237,278,305
130,197,355,381
141,210,240,267
49,105,280,302
4,40,273,292
new image
164,239,277,305
139,213,240,265
131,197,355,381
50,106,280,302
4,40,273,293
new image
169,243,276,306
144,215,241,263
51,108,280,301
132,199,355,382
3,41,273,292
new image
169,243,276,306
144,215,241,263
51,107,280,301
132,199,355,382
3,41,273,292
new image
170,245,275,306
144,218,240,265
132,200,354,382
52,108,280,301
4,41,273,291
new image
180,191,261,268
170,247,274,306
149,222,239,263
132,200,353,382
52,108,279,301
4,41,273,291
new image
171,248,275,306
132,200,354,380
149,221,239,263
52,108,279,301
0,41,273,291
new image
172,251,275,307
130,202,353,377
52,108,278,301
0,41,272,290
152,220,237,262
new image
172,251,275,307
131,201,353,377
52,108,278,301
152,220,238,262
0,41,272,290
new image
172,254,275,307
130,203,352,376
153,219,235,264
52,108,277,301
0,41,271,290
new image
172,254,274,306
133,208,351,376
52,108,277,300
154,218,235,265
0,39,270,291
new image
123,126,262,265
180,261,273,305
133,213,351,377
161,218,231,268
53,110,276,300
0,36,268,297
new image
182,265,273,304
134,216,351,377
163,220,229,269
54,110,274,300
0,36,267,300
new image
182,265,273,304
134,216,351,377
163,220,229,270
54,110,274,300
0,36,267,300
new image
118,121,266,270
185,271,272,305
136,220,351,378
166,225,222,267
56,111,271,300
0,37,264,303
new image
110,115,249,252
193,272,270,306
139,231,353,382
54,116,269,300
0,37,265,307
178,235,234,265
new image
110,115,249,252
139,231,353,382
193,272,270,306
54,116,269,300
0,36,265,307
178,235,234,265
new image
205,271,269,305
153,234,357,386
55,122,271,300
0,34,263,309
179,245,210,258
